AUD 1,4411 1,5863
CAD 1,4596 1,5753
CHF 1,0513 1,1161
CZK 25,6324 28,6785
DKK 7,1798 7,7652
GBP 0,7072 0,7593
HKD 8,002 8,8115
HUF 293,9804 334,5921
ILS 4,087 4,5097
JPY 128,2541 135,9345
NOK 9,107 9,9556
NZD 1,5133 1,7174
PLN 4,0174 4,5293
SEK 8,8234 9,5882
SGD 1,4499 1,6286
USD 1,0596 1,1291
ZAR 15,175 18,0497
AED 3,7587 4,1899
HRK 7,2568 8,0403
MAD 9,2737 13,2743
TND 2,0356 2,7258
KWD 0,3163 0,3607
MXN 16,8103 21,7702
THB 36,5778 42,088
SAR 3,9032 4,3192
TRY 2,8511 3,5964